15239401
11657619
14436212
17648743
16074060
10770819
13072338
12300704
16236130
14797236
15135859
16913431
16907223
13056345
15923271
13022697
14482602
17776769
17885829
13063948
16928433
14812278
12300377
12102084
11262431
11681515
17771814
15886625
14745937
14060863
13518522
10930084
14010657
13378360
12048453
11405643
15936443
14069232
16966231
12474927
16581776
16303317
13142085
11429559
11572909
14399102
17025285
16344413
10858889
16962525
10892147
16990483
16010540
11221578
14845405
13242911
11715204
17537337
12071703
15156900
10367290
16803514
10311621
12012840
11452907
11692722
13645505
17196921
10486966
10009191
16659931
12532203
11024770
12109535
15028380
12326826
17328254
14517825
11037071
11354378
17522137
15736457
15725409
12264801
12692058
10786075
17482370
11614037
12092798
15770482
17536207
13291877
15134924
17317506
14559175
17625418
17084686
13417087
11294140
12047530
16864220
13252966
15359306
15796787
12499503
15587558
11029810
10283018
13347517
16503522
13559416
15884987
16587392
13407653
15871541
12013169
15780912
16857751
14311414
13653353
14487513
14012631
14526356
13248863
12977707
12309519
12413715
12261439
12149199
16599805
10933356
15680963
13243903
10353724
13447541
11091070
17542593
17897119
16547288
15356483
11408967
16642730
11928155
16354031
10999761
15678141
12178890
11347707
10722599
10669630
14472352
12783384
17340092
11009453
16776244
14008886
13262590
12664172
14423366
13791343
11643845
15973602
16825927
10845489
16456709
12482325
12396306
15232796
10866518
16946493
14795614
17434587
16025341
12267008
14948118
12937003
12011223
13399031
17993775
17581675
15457723
12831279
10968863
15589729
13801460
13055043
17132616
16197555
17406548
14773260
17263957
16491816
16755805
12019140
13465245
11839085
14596395
14582923
15745614
11697580
16659410
14992877
16743877
15438681
16894729
12720778
16493665
13439863
17488804
16560917
12469467
14142140
12606424
13984637
14132582
17605814
17601262
10120175
16960976
17586371
11222183
12159592
17779188
14918987
14149270
11230337
17071177
15011905
15513912
14933561
10252828
14582854
13060548
15717226
10850082
17217041
14286080
10902507
13489359
10753629
11338555
14729181
14279989
10041539
15597726
11204740
14211461
10221681
17534138
13100334
11373423
15341036
10353558
12955733
13759567
10466401
16770154
14948159
17179839
14008724
14410366
16520519
14057302
17066158
15785124
14391047
14976361
12775732
17729619
10643359
15521888
15705375
13721234
15317348
10721592
16393164
16913086
12912458
10700842
10287839
11136569
13128164
11832060
17366635
12001946
15367489
11014283
16567166
14877984
13046251
12686615
11630224
17151674
12437002
12720206
12760843
17976497
14991606
10361222
14388136
11801581
17131050
10890981
13571223
16509689
15348270
14249270
14179104
14135395
14986824
11415882
11048801
11172065
17806127
13790066
14198067
17700555
15391280
16871506
14258055
10904461
12928878
11163589
15455563
13824458
13287138
11928491
10500136
16337005
12655877
14854660
17125252
11613636
10168600
16154433
12708381
12084214
14781318
17819308
12623124
14507224
15811255
16964955
11643591
10089654
14545952
15077971
11155219
13347607
10562443
17783588
16291011
10208164
14411849
12957611
13556595
15354875
14230325
13609707
10254498
15582201
15792330
11614502
12907785
12446421
12384131
12071687
16165963
15584138
16927669
14697532
11164724
16007560
15422147
12010099
12948185
12427705
16079680
14537941
11039563
13364871
13327584
13122795
13892069
17959015
11134238
12917315
11622004
12400380
10925445
12765556
14687543
17788716
10614101
17915516
13412961
17401032
17922251
17691090
11731384
15199908
17005882
10179994
16995333
10558549
14662646
15286066
13657980
17841290
15621430
15418030
16110847
12367539
17656270
13328454
16993095
10400061
17343853
13007169
17043486
13323460
17344401
15501742
16541969
13690307
14567792
17259557
14139766
11514141
11015732
12083865
12374390
13353443
15193428
14328133
10833410
15048060
16604523
12505935
16628323
12792886
11229277
14128201
15811133
16456413
12328158
10626446
17435220
17657591
11365030
16089918
16645914
14826367
15284348
10235764
14935607
12061565
10274821
15705415
15034296
12142041
11287499
15559038
17602223
11630537
13463427
16851620
15452078
15998428
15833263
14157791
11317959
11018948
10506458
17914600
13403828
14466832
14174866
15763584
16720804
15238922
11135760
10810680
10118176
17111188
10685764
17827201
10678128
15577243
16397322
11759094
11765544
13137659
14341748
11595470
13416548
15504174
15361889
13222076
10794596
13026317
13715364
11514167
13958519
16659200
10146416
17516813
14925661
10169028
13739000
17295529
14054124
15097793
10559061
15235729
11604273
16796137
11284576
12965583
11830782
12139603
13377920
16777149
14586111
14091161
16850537
12995063
14887228
11689347
14218253
16367876
15977702
11671718
17518701
14399390
15195766
14247748
13101323
10958735
12944132
12316019
14620366
16353512
16319561
17593537
11173806
11692798
17795843
13960030
14782252
13921777
16269704
10392532
12745333
13214755
17724375
15833870
17181555
16689280
17617399
12988730
12841619
17268462
12914191
13329386
14662948
17469102
10025066
15924136
14537268
16069620
17339090
12606189
12715749
11308201
13244018
14201297
14489414
13713239
10884853
16026402
16972549
11070448
12338326
15188362
13659174
15901098
15146178
15572260
14335903
11767740
16590357
13859087
14663067
16412478
11989315
14159977
12747750
13084342
16432940
12126493
16717255
14290692
17010145
11543582
16071176
17096235
11763225
12535362
11684981
14334517
10921088
10260691
15987500
16942830
12102421
13594976
14671326
13671385
15105650
10132265
12267000
11084629
13481678
14047212
16453581
13709029
16510800
10502136
13761022
11967462
10046970
16794950
10963729
14205191
16934693
13184183
13086840
12962976
17647305
17335670
15171760
11250807
10927916
14515869
10054781
15542099
12594765
13769720
12631167
14085984
14536736
16635010
12326442
14197436
12860625
14042747
15751395
15849486
11113459
15251554
15584126
12177293
12144098
12127022
16640210
10765741
11204590
11874757
12164705
16719776
17924708
15226256
14683281
17426659
15780953
13574017
17764306
15199891
11458940
10850354
17558771
13342181
15998149
17860513
15792689
16313533
16873537
17418573
16013218
15041455
16182801
14761183
17589950
11896035
17782641
12267460
15808024
12186354
15923209
12541292
13833870
12542419
11155613
13601648
14246432
11942071
15025710
13182667
11338007
12002774
17400225
13540320
14949180
11278873
10229025
15274080
11918374
14433096
15056458
16919502
14881470
12428939
13783041
13747296
12545632
12058997
12255361
13519756
12143048
17994651
15902073
12526164
14227227
14510548
10703887
17233345
15117499
10013034
13888125
14870482
10750047
12604627
15459643
16953468
11301413
14675118
17653101
13175164
10934839
13412238
15648108
15459161
16580890
16762106
14799636
10900969
10599092
14419384
14284973
13666420
14733948
14508968
17030022
15151765
16804123
13017019
15745505
10712962
17723625
10869850
16800143
11686240
12226848
17944332
14624656
14625080
12451392
15674227
17327046
16532819
12767907
10177976
15216148
11625386
11068157
16062105
14523719
14297037
17877816
10408518
17736599
16729048
10145321
10205289
14682127
10900095
17083300
17803639
14056695
10984238
16689788
10084880
10262203
10144763
16903621
15593545
13674955
12102299
12906563
15476155
13894277
12326837
15182628
17047471
10753019
17053585
11753019
16725389
17209022
16918571
14160836
14574991
13493940
12980283
13194512
17999774
16852506
14441470
14715822
16741041
16720428
13184099
17077937
14653751
10124703
12448094
16050271
11835125
11036129
16460010
16012198
15812485
17495249
17559764
10952013
11508153
11859586
14826501
15723818
10746695
10279436
16754490
14953516
17101550
15066407
17764554
14561032
17142618
12464521
16329034
14160998
15028878
12942831
17194452
10878770
10066884
12665885
17303978
17180185
16252599
16492031
17107939
17133606
11136202
13150889
13738964
13164951
13416849
15452599
11462505
12261616
11857167
16894502
12811148
10795605
10603909
10670195
17338138
11718283
10073179
14187984
17568412
12876016
16817442
17122553
10844116
15342557
10406037
13254491
10093072
14914602
12706019
16235635
13820524
17668540
14911928
15173559
15684618
14958840
15538661
10180316
15704596
15084247
13940564
14862129
15903443
12953601
13304787
10274627
14791217
17584328
16443285
14398470
15568882
11542061
15202518
14874964
12174499
13509669
10259962
10254940
11845886
16843356
17765686
14002545
10984504
14639219
10758863
12411928
17336299
13349458
11415967
16867511
15735915
10026899
13522575
12336513
13569784
10746675
16624482
11003085
13825509
13352607
14979628
10030498
11145097
17322439
16851843
14951720
14881559
14234063
16290910
15340468
17172213
13970779
15609384
15126650
17946114
10579010
13778955
13489766
14590534
10813964
15886136
15022021
13735503
12346251
10485536
15855023
14290456
10910408
15894373
17351801
11709395
10664301
12702501
12331234
16935502
10645217
14150776
12878688
17619378
16701813
10647753
16032046
11841831
11755819
14579084
17474205
16846596
17448793
13634088
14717332
11731040
15061554
17759179
10375065
10935766
15678778
12346312
10774898
17473912
11640415
16909041
11256824
16918462
14542629
15068179
12007536
14202887
11909009
13094203
15507148
10531844
13775162
10723740
14152181
17298461
14008830
15738075
15725110
12743314
17157628
10791162
13238516
14815485
16963378
14264639
11320862
11193247
12986215
14780760
10173114
11943236
14614539
10638084
10478078
14716697
11573241
16055454
12626596
17651943
16525154
13521187
11677193
14493708
10348539
11288808
11902988
15649547
13126273
13872136
16330887
16661050
17704712
14752743
13647182
12091800
17156084
15209879
16251400
16538077
15932906
13681022
13560977
15464258
14199069
16496665
10867748
14890638
10721484
15822858
11114343
11870139
15833927
16514367
16658614
14296214
12764591
14902978
17332501
13552456
12878801
11108635
10159638
12934095
15845674
17130620
13660902
14951629
15234679
17145469
15674745
11779162
10813932
10160087
14542972
12273925
17889837
14490768
14550134
11929442
15032660
12393374
16291858
15424601
15760633
17226369
13893845
10176284
13461361
15643049
14910286
10345888
10782590
16546252
14194340
16013709
14867576
12667406
13685398
16671366
12228415
10806670
17591609
12678119
11500884
13776406
15654184
14871566
16786564
12442490
14380359
16638349
14088557
14955974
14402695
14440370
17189763
15877897
13855895
14127653
15914805
16923187
15442248
12806908
14503880
12247404
12398574
15280268
10536167
10785655
15060357
12402559
13162780
16350971
17956057
11538350
14947253
16706195
13764896
10082371
11215482
17651248
17993586
14732461
17706779
17202275
10054359
12669690
10173715
13151818
15677028
11867224
17832249
17462753
10037156
14902786
11266111
17907248
11139544
16070066
13448296
14832150
12093308
14663906
13338130
11180924
16276022
14411603
16056551
13721271
10915842
12280640
15734433
15533113
16285094
16563931
11801319
17498153
16262546
16582783
11640949
15529212
15208735
15086551
17573759
16466191
12814122
11429067
16696701
16936533
15597116
10333053
15050989
16780767
17025336
14463757
11543891
12299618
17003258
13102938
16178929
16855705
17130280
16756358
17964253
17249935
15396549
14474473
11675006
12712662
13774971
17971566
16539246
11078659
10068772
14202612
14346132
16454480
12060023
12554404
16407404
11513020
13793291
16760199
16662583
14540912
13378098
17483045
13304179
14657305
14732290
11884233
15248655
16956473
13644315
15528518
13999451
17230836
14061611
17015688
11540823
10678122
15925373
10793123
16650744
15048538
15800502
10658167
14568014
10468246
11727770
17308634
14677594
15850175
15006785
10851937
15602827
10829896
17502322
13258060
15024822
12640631
14037077
12963119
12141832
12001429
13721494
14948400
13555055
11341050
12391400
13948601
11062214
13278938
16964901
10343771
17284247
16616845
15504041
11447303
13229990
17201320
16683642
16520634
10254334
13547513
17157266
15965123
13499327
17604358
14512669
12037581
13332917
11436321
11553325
17715090
16754631
16169769
14661237
17248792
15220783
14120749
17379447
11920875
11973377
12480920
11503881
15918963
12181333
10507753
16885525
15243927
14347063
17683141
10890208
10636786
17844081
10151209
16255150
11177738
12919196
10405309
14317455
12731631
15902740
10825633
16363755
10765051
15885766
10278203
17328757
17158474
15379835
11483406
15403584
10513631
12725284
10511368
12864842
10502779
15248084
14304253
15930532
16128840
13543814
12330799
11529559
12085958
15324420
11963904
13249359
13967877
12118427
17218371
17332003
12823073
11236894
13329442
16350000
13766152
15468585
16407089
10541773
10930194
12550178
17593085
16295558
17923673
14372802
15830325
12494679
12950399
13346370
12656383
16724125
14091766
16837205
11211387
11165260
10494114
17558553
10555875
15561536
17391150
17976534
11571880
12976327
13004458
10168039
17705521
14992477
14361968
11389733
12497487
10741401
14476450
11769119
17484644
15675191
17180353
13986957
13382513
11209429
13872295
17992476
14258364
17630119
13609731
13985360
11773520
17638324
15677113
11941930
16926460
17481082
15081837
17312950
16548565
13237349
10609972
15995168
12388602
15464059
16424639
12926764
15020198
15727272
11922853
11195339
12065054
17521796
16079874
10025003
12851344
11581672
15915009
10691825
14388322
10056413
10662257
15668480
14878417
10687619
15665744
12497389
14225481
15753810
17952994
13183876
11647694
14595065
14900654
17996784
11333359
17490310
16948479
10441033
10395193
12406567
11744027
13175638
10810119
14451605
14053710
11387116
14801979
15122015
16522383
11930583
10066660
17635165
14740309
16307329
16560645
15272323
17188248
14643099
14784000
11949607
16932836
12506337
10526641
12393182
17858784
17391299
17674075
16489911
15402209
13167273
15982153
13445880
17325386
17198707
13253313
11089114
14472701
16716302
13551564
15090918
14646024
16015165
11301286
11444744
10566564
10525495
15171435
10286083
15391668
15088886
14678296
12023721
11523166
16911577
16566064
10572693
15355499
15854844
17348325
16117567
14247602
17532986
13060395
13439668
12375482
14463919
16704854
12300578
17264841
16871030
11355268
11766346
10601638
13057089
12807152
16896851
12407686
15667216
14922200
13548856
12847020
11556388
13567808
15473315
11611779
11252620
16977150
16673962
10408183
13809984
15259509
17907840
17784752
17858404
14399089
12720738
12341842
12314089
10294216
10715878
11462418
14248310
11284701
10758211
17382508
10316671
11296290
17635841
15279626
16334234
17957797
17423729
14767469
12557861
10231662
10693059
16964484
12430986
12044033
16514248
11543961
15740828
16612722
15169420
17781614
14840962
10092742
16347112
17739239
10571964
14470174
15564703
13828906
13745403
12446538
13690531
11621583
11152638
13498832
16138278
12325166
13448214
16559549
10009443
10561884
11161754
11660964
13632185
11792495
15433371
17611030
14121889
13699405
11738884
17968635
10290309
11970116
17081722
14217835
12192288
13701383
15620874
11874183
14308828
12347005
14755856
12556208
12465833
13654304
12712046
16889303
16203941
11755262
11570518
12828514
13930557
14076271
14079811
13434703
16310271
15304515
11632464
10666945
17472771
16968335
14526772
10047833
15178229
10956623
10874235
14853012
14870624
16040095
11934428
10562753
11746568
17132599
17270952
11370980
14203873
16469460
14541152
13730585
15319743
13322645
10085757
12117741
11631877
16507879
12875541
15225984
14696240
14979276
11488587
16898948
12218755
17934111
16912795
12186969
16615162
17243489
17146524
15218215
15514738
12339629
12097492
11176849
16852911
10478120
10444604
12040157
13827807
17265729
16074009
13993097
10111903
12828914
12039493
13548641
11953726
11410633
15877403
10485203
11471617
10805739
14294804
17417632
13881593
17074182
12019702
13869788
13007030
10083436
15371748
15716437
11523033
12797333
16439165
14207554
15734413
15022330
13296934
16556568
17493907
10212648
14631002
11926041
14263483
10905701
12869514
17455078
10437828
13390626
13286167
15858102
13870170
17375023
14138569
12354254
17783088
10971810
10121574
15110549
14956329
12155910
12805745
16971596
11467818
10312337
14816291
15642296
10114516
11791771
12394489
17100789
15863727
17871379
14515600
17262717
13827858
15796552
12831288
14011882
16047068
16114339
12001382
17870465
10138238
10761310
15206316
17938782
13963231
16123563
11827849
13367488
16379072
10570083
17352706
16101073
13584889
11567310
14810386
16821088
13417856
17351949
15211379
10060937
16683485
17297945
16161013
16054811
13810156
16090748
12817504
11092902
16140390
16355737
14864204
16082361
11515237
11906415
15445081
11876018
12318295
12639747
13527152
15533697
11142341
11072389
10100795
12175892
15953630
10148612
14137669
13031070
13335557
10930600
15669739
14033113
13872226
14165445
10324991
16898499
10358406
16078994
16482996
12403213
12840709
12153862
15509492
11985450
11628349
16671411
10542728
16619511
13073335
10710835
12994368
10053288
14937273
16794433
17468554
14917307
14132383
14916253
11453857
14200835
11471867
10725129
14286163
14135949
13116344
14317426
15468727
16310214
10478484
15650580
13190571
14113205
11002908
13866555
13412366
13644144
13566373
14659708
10028311
14012930
11300846
10845695
12891171
11159121
12858126
10761757
15983818
12856765
15132167
16400125
10704914
14350804
12609119
17393535
12357291
13242616
11203660
12296989
12319301
10301141
16984062
10934830
17409028
17814589
17025649
12110525
16289667
10127314
11255050
13837253
12159042
15395030
16547375
15970542
13288036
15978132
10785130
16019766
14665886
10999717
12452840
14987590
17608441
16835784
16943238
11599926
16940711
15983907
12284584
11465784
12258518
12020190
16722025
11566849
14802632
17994149
11455734
17231694
16847615
12597824
14028661
16707180
16913680
14953358
10723474
13531867
16618010
14299457
14058510
10682840
15841508
14034012
16648063
12365136
16935137
15941745
16713907
13397487
14823972
13717433
17662512
14257032
10892220
10264683
14968937
13753339
10313330
16152600
12911904
15801036
14777486
13103441
16846280
11336904
14429306
11939491
10140331
17471413
13041362
10743112
16697433
12274632
13722129
16538087
17094925
11240498
15972417
12643094
15582496
11571909
14667884
13315305
15381918
16612850
11027050
16728105
14399822
11590201
12449252
12911102
12656025
12197575
12543453
16993260
15003101
10967721
12743924
15483252
14028523
13152509
15893260
11318682
11095908
12639532
11249536
14968894
15227855
13352527
10816363
11015724
14157261
14439054
16438361
10144978
14640736
16047855
17746381
11659647
13919113
14300774
11981588
14677367
12506153
14588504
14048712
11504738
13314585
14528920
17673382
12317014
17842772
12863861
15912854
15918303
14760009
17555615
17773313
17768548
17915339
14076981
17786276
11570053
17472185
16384982
16451954
15625206
12845717
11934530
16277668
11780605
16017080
11041376
16519178
17179877
13296550
14313782
13732637
15167771
17598426
13398927
11407850
10699772
11927999
10717003
15441318
14365724
13848631
15700885
16044350
17816229
10031327
10997569
15633336
11552448
15678050
10296219
16071879
15439187
13275296
12577896
14973177
13717725
13875822
12889567
16087997
12791200
17431304
17425138
12715931
11089857
13151263
14882252
16079321
10024720
12801347
10051207
11951928
11616794
14287003
10893116
12325621
11649754
17135126
16520961
15298717
15883985
16250278
10081492
12031305
10942358
15737324
12180888
11775129
15553485
12181041
15540491
17829575
11290552
14441533
16888755
17160681
10770012
14350861
11739889
14777115
14022316
16258817
13831088
13881366
16175196
17921044
12909735
17504805
11956268
11283483
17544515
11224205
11107316
17424683
17120033
13710579
11270343
16447444
14828920
14069486
16458403
13230312
17873840
16231782
12334810
14882932
12776024
10939087
10061825
17330351
14517327
14404041
15223141
17690680
14680154
12866338
13601775
12667223
15608406
12113708
16823502
13799744
15327067
17138268
17638675
13072158
14780408
12378912
12823578
14479999
15319248
17374243
16817536
16880504
12890300
17775406
10667044
15795411
15416661
17661969
11418482
17799700
13656590
12916591
17298005
15379978
15329107
13128404
14556412
14331048
10626878
16570781
13775545
12711782
12387030
15769595
16380993
10222300
14863028
13983190
15882377
15161825
14423850
13191418
11589093
14940893
16935351
14399937
14881143
16284758
14332032
16915205
11078848
15181968
13445431
17873204
11418386
12048953
12697540
11916692
12132945
14696723
13805501
11487758
16657286
14702429
15489520
15854395
11396437
10404007
11743097
13030002
11878718
16303421
11252503
13333829
17942262
13489738
13379521
14123714
12760533
12967579
12882987
14377130
16300016
11308526
12061194
17952050
14408097
10557320
16788003
15118995
11760104
10141072
14640573
13387447
11429673
14407602
10635490
10807105
17741691
16657227
14495031
17194851
15868070
13688557
17149355
17049799
10236718
11757016
12371565
17149344
13805069
13523868
12665379
14063204
13471152
16092500
17484676
16456184
11264025
10375472
16791559
14836248
10879013
15532745
16931821
11021357
16448305
14389989
16052927
13042994
16029954
15320300
11254165
11677488
10406313
11203813
14102884
13456031
10241169
14576424
12745300
15680274
10224553
15652627
17260272
17097074
16709422
17681571
10630110
15866902
14256485
10390722
17780922
11243904
15527974
17052242
13633741
14710813
10892067
12990796
17705929
11566550
17280615
15533882
15318008
15492961
13196401
17612034
15423626
12658046
13730984
16230604
10237995
16039343
17624900
11362502
12325144
10494735
13798513
13188504
15579114
13543433
11467011
10962507
10859943
10160444
12116948
11700390
11711116
14939162
17922272
17071729
17965349
14110201
14129016
11727641
11334366
16148527
13630318
14071734
13875293
15338597
11833397
15209604
11885491
14969767
16549479
15681898
11126533
12488796
15965359
17604488
13728076
13143208
17212640
16786154
12455521
15974552
13002023
13331482
13293618
17128555
13803740
11210215
15702503
14975842
14484492
15756599
12432120
13833534
11675687
13869080
15653347
14024822
13368315
13097407
17874957
10960992
17560516
17370306
15821165
17160617
11528743
17594809
17897727
13450257
13738253
16842480
11245816
12849703
16965168
10424441
13737609
13778311
14345895
14067283
16446073
16513806
14411145
17093845
14656732
15464111
17973524
15694475
10320176
14313685
12306617
10238610
13443650
16370145
17890569
10073030
13925212
14276790
10172144
17445227
16368958
13460361
17438655
15996567
15205177
15095612
15705562
11323253
17172322
16379810
16649463
12089322
14762879
13916365
14883701
13979035
14926871
14395036
14235789
12708159
17298083
16412324
15167517
14611561
11212579
13935665
12908326
14001353
14428076
12658059
11285149
16392394
11644904
16944807
10105824
10988561
14830271
15408448
14163431
13713423
17427617
13632483
11738346
11112598
16070420
10230609
11710555
14038134
17012625
11193201
14675742
17142924
10597683
17407750
12029214
11283822
17160249
10135577
13141872
12282711
15623246
14996468
17449830
10532466
14436460
11980480
11566801
15062676
15077138
10242350
16433971
14234040
12716756
16821417
17205237
11973499
11895790
16813880
12646595
10612923
14757854
17967784
11115787
14253927
16959610
17567520
15691385
17599737
10086055
12737784
15522625
15740466
17339625
15979160
15469812
13240225
16221013
15206953
12563524
14926399
17821747
12579268
13359931
14184254
14016450
14946794
15313095
14867823
17313067
13373280
10407076
17851287
12424005
16776410
17732910
10667507
14737695
11666744
12149542
12575669
12074986
11718248
13234732
16017497
15029908
16937334
15154416
14470433
12864283
14902575
15060344
17884323
11738131
14591155
10743737
15387706
15345431
15936973
13131208
12232619
11013100
15879907
14548807
13772985
11103241
14885471
14189131
15341556
12723656
12511252
11667625
16634469
15627308
16217000
12801569
15568085
13890514
12756790
11439328
13080036
11690721
13149990
10105931
12613703
17482967
10098950
11576940
15098097
14264592
16140295
15260225
10878479
11135329
15993845
13227422
15183617
11930864
15281122
10412299
10324415
14326088
16318876
11688386
14158404
12883221
13115258
13933228
16407945
12340952
11126636
17937577
11438794
14125731
16319924
12236340
13253694
10444398
15495264
12285064
10493653
16415875
17199057
17163953
17889462
13740521
11154980
11861110
12981735
11686060
15482111
11187608
10117665
12052678
15889570
12612809
12480748
17064488
15419333
16302468
14263549
10728626
11236816
14723712
10228037
12043959
12143904
12096165
13999659
15618379
12047665
13736666
13955888
16459025
14267644
15455180
11790012
15179885
15271017
14076582
12716098
12036445
13314744
10921529
10723572
16553489
12631549
10956009
16626823
10983779
14204009
15148347
11651466
15593600
13405487
17952278
11595376
16689553
15772185
13484797
14825199
14434797
15222622
15010743
11900473
13290171
12678034
13154935
12558393
12279973
10637484
17748565
12788195
14110859
13583745
17324412
13797282
12274265
12675453
16771871
10820459
15084296
11558206
14867473
17266650
15585075
11494132
17198399
10488123
13710536
13228447
16245117
11076604
11542841
17392156
14185343
14789589
17593652
12807824
11938932
15983697
16575418
12773838
17695670
11326760
11797140
12570012
15537668
17810775
10830702
16619777
11056829
10936837
11048318
10227083
17736776
15283050
11069684
12899139
10185504
14401449
17322468
16834188
11325382
10101979
11234614
11912146
10394412
15007437
12084026
16001444
10672255
15168452
12657177
12720167
14230012
16744340
12007914
11245355
10270596
15596123
12834123
12604207
11867292
17830557
11944706
17703321
12993748
17651691
12698389
16240463
10420973
12270991
11710532
17889634
16801740
15705502
14677242
10593738
12591965
11627755
14555531
11434127
10213439
15276293
16166320
10389785
15973273
12158471
11460835
17531898
16429480
11707327
16595937
11116899
12957777
16491544
10333688
16206207
17837136
11044241
15576309
10069470
10845791
15678212
13445984
16818082
10478150
13284156
12953436
14859134
11340735
12496813
11710997
13085863
11088208
13690407
16293953
13718569
16792110
17897720
11622918
14063458
13424605
10782558
16816100
13079899
10358006
16168989
17989776
11502755
12963219
15785648
12676849
11904336
15503831
15187779
11603629
16378234
12736267
10941472
13600604
11222732
11646518
12831643
15628847
14377628
14753111
17903188
15327413
14533114
16837430
11057741
17516828
10861434
17220505
11395018
14829325
17227677
13109048
15313121
15883160
17012102
15487457
12670284
15689199
13939893
17907990
13257936
15806967
14483643
16857545
11913857
10900680
10345512
10388469
15429607
14084843
12646647
15100722
10364052
11802005
11080252
15202816
14243599
11404269
14201974
15588188
17055264
12020054
14900383
10587109
16255588
10499607
15853182
11011655
16955874
10772938
17108288
14921062
12422364
10641176
15807662
14659773
12916581
15421777
10167035
15685582
17217225
14786038
15633515
17967289
16432096
13185042
10271275
13755165
11341675
11172849
14772685
14190737
11622159
11215709
14538361
14696681
15566920
15906128
16943601
13273605
11040356
11603015
15218339
12311811
14848703
14721206
17140967
10855363
11529499
11509452
12969803
15699679
17972256
14797678
17875890
12064839
15452709
16076264
11912462
12902925
16718968
15429995
13862634
10014386
16241408
14025036
12923105
15081199
10618982
17141666
15988685
14650944
10797357
15799554
14196786
13155385
15717327
17802105
14036772
14846244
10633803
14703405
15474683
17729932
17825646
14547367
14043674
15817599
16831321
10362756
13099225
11577567
11705901
11629030
10760371
11299937
14416864
15928372
13457389
13136657
12322974
17258692
14993579
13009887
13146545
10613155
15234773
14849712
17677407
15693892
15860952
14861126
11279133
14468530
10419697
15022624
17193084
14216182
14571332
12767984
16578859
14783211
16498200
16830267
10794635
16624234
16658930
11026791
11237102
10798978
14557352
16578882
15613577
10061767
16603854
15117779
14851802
12871566
16821257
15307797
12703493
13987209
16800032
14499148
14238242
12738632
13766414
13319658
11676643
14338050
16473819
10889631
11858424
10912920
10742165
10964405
15984308
11944875
11926487
10216982
17986280
17995678
16816027
17414767
16626686
15235717
11766395
12484726
15426495
10321647
17405754
17285508
15407209
13854103
17724072
12557407
16652617
16781289
10690589
12004022
17466563
10628835
10208902
15012216
17988577
10428842
13227659
15367318
10100252
10798437
16824456
15546596
12243339
17422306
11073134
13126345
11412214
16892706
12797036
17282720
13717346
11335267
17032323
14797219
14073461
11041183
11517260
13929936
15162662
12644218
13765156
15311034
15367155
16300789
12039016
17858814
14645935
12758238
10259950
13181675
10668501
12927320
17853808
15495653
12611685
13139865
11944340
17172086
11693425
15116376
10702132
17116017
15057513
15665550
15365234
15871925
10996093
15637252
17152033
13331820
17375335
16822199
10137651
12087922
11361935
13962039
11081155
11972837
17090233
17062062
14385633
11227414
13562130
16846296
10355873
16654339
10731222
16009842
12264044
12422728
16495446
13680624
10931983
13939945
11139335
15648953
17871974
14542822
13659880
15387380
12757984
12688726
15717580
15246035
16420151
11034800
10697604
14273846
12938437
12069413
11863690
17705924
13783109
12215342
14606827
10893309
13615914
16149562
14407374
17114072
17971224
15739599
13978118
13992999
16854159
14258934
16216907
17648498
10334886
13283014
14869973
13416936
11883656
16192385
10568332
17370079
11968337
17439792
10785299
15601462
12403700
15324620
11580453
13784987
17177067
13055339
17554967
11101428
17257999
13160384
11399595
14197589
15949484
17073159
13336716
15627156
16985953
11295746
12476694
12273453
15593341
16724010
10443507
17288458
13568476
16730634
10902043
17861038
12949200
15744735
13065496
16750346
13712797
10557420
14736719
10464035
16313829
14338597
13914618
14941521
12853992
15907493
14158984
10275795
14808204
13736305
15888044
11905765
12583739
12766460
12425982
14425605
14478418
12314049
12552409
14674097
13352113
14084207
12401346
16573546
10965451
14366799
13055653
13695487
16754016
12179283
13507627
16839330
17126131
14444576
12493894
15730667
11166149
10260896
13154630
12407652
16602561
13006666
15211040
15581579
13634612
13126035
13402435
13205241
17658212
14467580
14277156
15255948
15208907
16559053
10821387
11749831
15931089
12188847
16603022
16259569
11352381
11455013
11679483
13618489
13041132
16021507
14335469
16270734
15773436
11929382
11571223
16315072
15508253
12358357
17495460
16855230
10500700
17755949
17483311
15952421
13273248
13155139
15456056
11397423
17867696
16995814
15348008
17342539
13604221
10959326
15043496
16300810
14871404
11796809
12106811
10862304
10366879
15136229
10349405
17003193
11463965
10015530
13578686
16055021
11838306
10184132
10389627
15987879
15869984
10890001
13429295
12889976
12950950
11694068
16829446
16472867
14680332
12744370
16723340
15311530
11789014
13802784
11104610
16044705
10595999
16411659
15731117
15051913
11268076
11714880
10373007
13958783
11102432
12861711
10503615
15878989
16516276
17503432
17393336
17980521
10169770
10051312
15604315
10463056
13324404
11456285
10196160
14086197
12002636
16130056
17542693
13328333
15336330
16075506
16105870
15823867
10307782
12042777
10783220
17973486
13058535
17241864
14550507
16138850
11208247
15193036
15588434
12344494
12091784
10119316
12517871
17643487
16385744
12601548
16846437
13739392
15127113
10283085
16221646
14846263
14991812
12996624
17182151
13116107
10136201
11906828
10499658
16750690
15715682
17366699
10741006
10798418
12685589
15243644
15647537
14507908
16836554
11677364
17038383
17630696
16549096
10187808
14901490
17571341
13905174
15614557
13116209
14110162
10396330
14764508
14859362
13156304
14557469
16836775
13312967
17601604
11211091
10536604
17060103
14364210
12507047
14607836
15536255
17857879
14878270
12729984
13349154
12506114
15672412
14961565
12290535
12600243
17751970
13858533
12898934
13325798
13429846
13396601
15108901
13618059
16073878
15478315
17932528
17626288
13084855
14013874
15252574
17736611
16772780
11094922
12789623
10883555
12612286
17444385
12930335
15871116
15339790
17482612
13870117
15084346
10892092
12225381
10479057
13277311
17694050
13808477
17884913
12952854
16390369
17083485
10017485
16211178
12566843
11388649
16387436
12633859
10132479
16611674
16983464
11647844
15618811
11452030
14588408
12429836
12393277
10131633
16935758
12752097
11928866
13272306
12659569
14747771
10338377
13499133
15778464
11841103
17674220
15745831
14724183
13589593
13248063
13987965
10921211
17539829
12904119
16330894
16835697
15899363
17682273
14332848
10787042
16684723
17908742
16280398
11259931
13306386
11759492
12846847
10049669
16057588
14355996
14067026
10129744
10158742
14580872
11231444
15503971
17622126
15005143
15232982
13673406
16758531
15784545
11132799
15033088
14194263
13975773
15268403
11386436
17568028
15860667
11292136
13718113
14859993
14809622
14615890
14469944
14249751
13000449
14543992
11715650
11005998
16589227
10932556
17593662
17661224
15148784
17630188
11144383
16392466
16134285
13568706
17628443
14502263
13414915
14195926
15036702
13181365
15906326
15414460
11836370
17957073
17927468
16405655
17814673
14618736
11850739
16349778
10780232
10489234
15252432
10487005
10886126
11659199
13074441
17580654
16153080
17369909
16487559
15646170
16093551
11804901
10895646
16898767
12182892
14809186
17110271
10863616
11232827
16435276
12531906
10015985
13108339
10393028
10443011
10526385
15920157
17010681
11788387
10171725
10180430
17291957
11866190
13874771
11652568
13811637
14846088
17763157
12979477
17373062
15703357
17629244
11495976
11509305
17543812
15795022
14337742
16128248
12510852
13881747
11861036
15461524
10692582
17332804
12223617
10643532
11074635
15239214
12999160
14127375
15258185
15713980
10942559
12555985
15058728
13949280
15143556
17890785
16136899
14658646
15090396
11454294
16766831
12549104
10805102
12050614
12096031
10303744
15309195
17099633
11081981
11091330
10207651
14266064
10301960
15143888
16452408
10923604
17789562
13535719
10389685
17313074
12710860
15219105
11059157
15137595
16433928
10419429
16041848
10104465
14456025
14062443
14756561
15037798
14436300
12594104
14100681
15011796
13090021
13372718
13745290
15813497
13507603
14948906
14893819
10610173
12267622
12203031
13718155
12546616
11492057
15917790
17054303
13156861
13169323
14366002
12064330
15305427
13622423
12866772
17627744
10548764
14272306
10244300
11425037
16369746
15236993
12101650
13412491
13464829
16171199
17088976
15691663
17317740
14659325
17084852
15481272
17977259
17635466
14983171
16765872
15311334
15933413
11658933
10181015
17842834
11406127
12622174
17522791
17906506
10997225
13376807
11649164
13574242
13361304
16745474
13007645
14577725
11912195
15983779
17612117
16809527
11863573
16977441
15267131
16080065
15516508
14879877
10760897
10434422
14066991
16892759
17223122
17357250
15298729
12964877
12527072
12380823
16012709
11272396
11023104
14370262
17615069
15278199
17187255
16207689
17975257
14325085
17026397
14438666
17918469
14459267
17924393
17007716
16931171
13983459
16304261
10999377
10867088
17540545
10967655
10901251
10274167
14487688
17185647
15540897
15155622
15662805
10380055
16273809
16089407
16208617
13835947
15840010
17364722
11692269
17775738
15694157
13449542
11493808
14030158
11190411
17187791
17139293
16972869
17649944
10592999
15962308
12996970
14789536
17325474
12450843
11954129
17945117
10277264
14766737
15051023
14138897
13166042
17575380
12792872
10241368
17863644
12735573
14045297
11121258
16040092
12199666
13275568
11079642
17711917
16590937
15789830
11497490
14309674
10010714
10894237
14870348
15845099
13221578
12999894
13952606
15011264
10377042
15508648
13746690
15763989
14044603
11807446
10704851
14715159
15806466
13493218
13919752
14709877
10471911
12103559
15162071
16609479
13437503
13209476
14238361
10672111
15789946
15196235
12589215
16873621
10768372
11275729
16848004
11182064
10644012
14369553
16435724
10928391
10280958
16853068
15138759
14470794
12642580
15036593
12011651
17961159
13311382
16788371
12743253
11872018
17343882
11859799
16512717
10994648
15251457
11979569
10635722
17523390
12554487
12117565
17297279
15397331
10411581
13967027
12955950
11196218
13215055
11323424
17863551
11135676
17186817
15389871
10576304
16079663
14473940
13446963
16292922
10887338
15286934
16627780
14915558
17741050
13511607
10946257
10511971
15237520
13402411
10319516
15546700
11839749
11579526
14691644
13125291
15250064
13780748
15393943
13194470
10996922
13914539
16853547
12064975
14783424
12138486
17277992
15899292
13164739
12397650
17911308
13278877
12028976
10151351
16681446
12243784
16345081
17562058
16395966
10919723
16181085
14780355
14862704
13296413
10645984
14493826
17420596
11468686
13276059
17794863
16984467
12631450
10537589
12456655
12640754
17204033
12785564
17176745
12913381
16898801
11676078
17439610
12864166
17178833
14973670
15937973
10400412
13303980
17182885
11796120
11943445
15696784
12062867
16899699
16655686
16905196
12364128
16501800
13953354
12594086
13603582
17132259
16117650
13564362
12214300
16203350
15000195
16642792
10622323
13212389
14645878
10812546
12618062
10815165
12029830
14940864
14077058
11165286
11548975
12491566
15868868
16307531
15941103
13883760
11313113
13804151
17599713
14091340
11226182
14609901
13803942
11533674
12133432
16890871
12871690
11701776
10720061
15431459
15658591
10839168
10023803
15809486
15079661
14700678
14284872
14401329
10160882
12054431
10191066
17172981
15930097
15162886
16282172
15561481
17988911
14465548
13139677
11728376
17967840
16085471
16935451
10750421
14272400
13980570
15277998
12409982
16714411
10121269
11636344
15435110
10391156
11646993
17731481
15977374
11527217
15561343
10972014
17556147
10398972
17535237
10547553
11706439
15842696
12844317
15254387
11085273
10767695
15710040
17040119
15657493
16738992
17956877
14911645
11466620
17024648
10815533
14665828
10754684
16857461
14849496
11832005
13510434
14727259
13177707
17282067
15852625
16083932
13448188
10523076
17325414
14203752
14968560
10153895
11323044
11132779
16075914
11415554
12600554
16811188
15604239
10023765
13106522
11186466
13922217
12065921
14001954
12269792
15679199
12594370
16467009
12645683
14348858
12636039
17695657
12952835
10821644
16547563
14766337
12722083
12650393
12103884
15674396
15921726
14024957
15341620
14568689
17452033
13568096
10440078
10632604
17360515
16890141
13172343
13669001
17775130
13447793
11933388
15603135
12899973
17196266
14517714
14827191
16843589
17640954
13327436
16116335
14215171
17630635
13181493
17817499
14783073
14102452
11972890
16591589
15934130
11030146
12503162
13403567
10676475
16887636
14905211
17142511
17843475
17773211
14960766
16708387
15871184
17061271
14087170
16814884
16741770
16696217
14524440
15166636
13586014
17796251
11158907
13479495
15261393
12538284
17657893
14225654
10752347
14654701
15870956
10740848
14116895
17380085
14744273
17205644
13575947
14880125
13875167
11898927
12274603
15685899
11883610
14060645
17070447
12704085
15821080
14160195
11087824
13543292
10664989
17862638
16284514
16541973
10330549
12616918
16380822
10891401
12924766
12935139
15713259
12143518
13623046
13699027
12714845
13487368
13005516
13451799
16756898
17147160
16757156
14421026
14022878
10767177
15196759
17962693
14962689
10716190
13574557
14629886
14445271
13711604
12828192
14315849
12875558
13605770
14709897
12126817
12213265
15485765
14936135
13881839
11512750
17567358
13504042
12389052
15838243
13434056
16694368
17315452
14948784
13686251
11379520
13693506
16431314
15108582
10818169
17237269
10543238
12410156
11518399
14373911
15471663
17844138
10468430
12120306
11632561
16857052
10243330
11430293
15515573
12742323
13445565
17655162
12327031
10142923
14385031
15187027
11040821
14710085
12402784
12183920
15091835
10136465
13324451
14354951
17951901
13385151
14966463
17584489
12713565
11769580
11313029
16916396
16140303
14707144
13312919
11876819
11863824
12008256
16947081
15452476
12331502
11721102
12939404
17768377
15204514
10215288
16488074
17136627
11841519
12302491
17896716
16714842
12424854
12896224
17237169
16653183
10991432
12285200
16496250
10150570
14282062
17462948
14602039
13098136
11409721
12662276
10279653
16159890
17748361
17635451
13148497
15064349
14008372
11017532
13454213
15926704
14497935
15078551
13406265
10090739
10884026
17958517
16255839
10441279
11925240
10031543
15754896
16885534
17143961
14525725
14771553
15554909
16479541
12679060
14814303
16401991
10459291
14206620
17536805
10031331
15446259
10642866
13658353
16171594
13502222
13475512
17504122
14470850
15573972
16931978
12432017
11548394
13510845
14272079
10441685
15976237
13879784
17816441
10274115
12539501
17869165
16847590
16852964
14545081
16366250
13594449
10909692
11232381
12391622
15996646
11891987
13187726
16375382
10877904
15519484
17718748
15768179
10719363
12702915
12166570
11056589
14239142
13315401
17209471
14203869
15874419
12479768
13072204
15268480
15258934
10358564
15271040
13346006
13836820
14212106
13955809
17271126
10067499
16496884
12214913
16617567
14382301
12379364
17420170
12103978
10589012
14320125
13706273
12632563
17285374
12043247
16484053
16278007
10443646
13657520
12030937
12926166
13691597
15734953
13446304
13586766
10536852
13440784
15856203
10797464
16377393
10050898
17240100
16826369
15319238
12712289
15114909
11397919
12304660
16587393
15354739
16613160
11859837
15018060
10452794
13433979
14126136
10142348
12342215
16876388
13954339
13170721
14852222
13453727
13258864
17035609
15445991
11550155
15273089
16905483
11620875
11393498
16461396
11727164
11916423
10707154
14321742
13119970
15294149
14389826
12119564
17934235
14039060
14779943
15314269
13454172
17557489
14159502
17065929
12212869
10584553
17816232
10853940
17691636
12644820
13267510
15745742
13236184
16591187
12549958
14236277
10637418
10850956
14990849
13795276
13680574
14844655
17891753
14648478
14102981
16731284
16458077
10757144
15778521
17830460
11925171
17406915
16475313
11946983
11181996
11730270
16750482
12824531
15803546
10972116
11110070
11294937
16045531
15946760
10920807
11274244
12760912
13036881
15304816
17137864
10660796
14071321
16589853
11140239
14331920
17392708
15416628
13508494
16325877
12227446
14986237
13583091
14089195
15132946
17752117
11945199
13543535
13070569
12399363
16821413
11929122
13973641
16791436
16162428
15220320
12309596
12440967
14483551
13075869
13390978
12410021
15030819
13077935
11214274
15699651
17892099
15751688
16865801
12030562
15177164
17007639
16175033
11326385
12156617
11429527
17287592
11608101
12189694
14722506
17703364
17231345
12530702
14472709
14507640
11353871
11039846
16134312
15954712
15455586
12616423
10790653
14108215
14383512
17608753
10027597
12739955
11990900
13789862
11214906
12833512
13837096
13389524
11909780
15852599
13704844
13462951
14130536
16346514
11007467
17011077
17113183
17509467
11201886
17227660
12525968
16094792
13001872
11909193
10739619
14923212
14429735
16952643
16682862
10411271
12219171
17426243
14002193
13438571
12847803
11409933
10965965
17194478
12196689
17286130
10115154
17124579
12114745
16699235
15998786
12993276
11230953
16434100
10557465
10404015
14679678
15606517
17455955
11263771
12482820
14009711
14473607
16254603
16633396
11207666
10334511
17118037
14843672
14117640
13594056
15658336
10724382
16409376
13663895
15253964
12361960
17689439
17637275
17178245
17525918
10989102
12217087
14643141
11553627
14921138
14309308
12351770
11427197
12012913
16485148
13159343
10789696
15682749
11548784
17063184
17012293
16832442
16725036
12864268
12239940
14806634
15690210
10779726
15916176
15324361
11261241
16067406
12576994
13697305
17054431
13839564
10115959
14145955
16087142
17163141
14768672
15374432
16240454
11370762
14442103
17699247
10591790
14007096
12182705
13798825
11943824
11391488
14988033
14900020
17336971
11205823
16554150
13916141
15334359
16283388
15725664
14197804
12804743
13219381
13334767
12652856
12025790
14074629
13850237
17618718
15802856
14778008
13082718
11433522
17184902
14536912
15535681
17126441
12664481
14604828
15930137
15693131
11295891
11542684
14652070
15720103
16764416
11697856
13569747
15298628
11205251
15588770
11953231
12253085
15236702
12402265
10839950
13994381
17204462
13952225
16357547
11752266
13122658
15281703
12289580
16236456
14395659
17328373
13708714
17846973
14022083
10980532
14212977
11864244
16984274
10214465
13621379
15272012
11614173
17145626
16015341
14422824
15689143
10614022
10374238
15824982
15771661
13691133
12460985
16179745
16896857
12293943
15335744
11715082
14697339
16603045
14727922
13142608
14041110
15897948
17847328
14488479
17337262
17763611
16394067
15440692
17428010
12200607
10310628
13915797
12545599
12920726
13569006
13945964
15677494
17933694
17448539
10994518
11046298
10167503
17499123
10353278
10491790
10264685
17736392
15258891
12728589
17860808
14985004
13533694
12430587
12833558
12656377
10182248
10861124
17382496
13499939
12776353
11578434
14846806
15424770
13183804
15745478
10602769
17067484
17055302
14809715
15604489
14014094
12165509
11220318
13088632
11883214
12645727
12133400
17657998
13221027
15351285
16117047
15814666
11226014
16957776
14752701
13646722
13010659
14096856
15179938
15504011
13371300
17725998
14694883
11375558
12062026
16930244
14617989
11012892
14795552
14316488
13913601
12616653
15464060
14661711
13050938
10175418
12725851
12703108
16269301
12935685
12882399
11506681
10950929
17636273
11481642
15947171
16186390
11830805
13454402
14329379
16705102
16921440
14822523
10787599
11545799
11794323
11001013
10528988
14405453
17801995
16611527
15365814
12355612
12241155
10338287
17468476
15412849
15538699
10530242
12438301
15087961
15867163
12186590
16312175
10856424
16138097
10534987
15499620
10379632
16831379
13771092
17929545
12614186
10388342
15690998
12373222
11685753
16742363
15475635
15064548
11380144
17672471
17397785
12669548
13943703
12011361
15445167
11577412
16069791
12642176
16158264
13273168
17809180
16846764
15952057
17370353
14518170
14142087
10311797
10769281
10866287
15835806
11772592
17497103
12681615
16400310
15020716
12719437
11732029
17864338
15219092
15362683
11074857
10096830
14520259
11673971
16810040
12780530
11577002
17195801
10052170
13945256
17502385
15283281
15263400
17460961
11534215
14245341
12606035
13682016
14333729
17776997
13573294
15325149
16777976
11512350
13827340
16428361
15418668
17383349
14917275
13236190
10404543
17080166
13988261
17240987
17320662
13342434
14915915
16685775
11750811
11066603
17081041
17618611
16714784
13397939
15066072
14524909
13856907
17816884
17682927
14197463
16119452
13112065
14152197
15701009
16755412
12337830
16494004
10519516
16474872
11708149
12996219
12177633
14285299
17518778
10205367
15440909
11071123
13839570
10417060
16561023
13874710
10251961
15594234
14620952
13722177
14964879
11555701
16107889
16884808
14092437
15156404
17638980
14884834
13238726
14352222
10110330
15557093
10797484
13739242
13136606
12861692
17009505
11832207
12077722
12107360
12993664
11605530
17664714
14595677
16224218
16251868
15868393
15087080
14654468
12787598
12760922
12900451
17429850
17553980
13172641
10846375
17328525
10763010
17853401
14618952
13503596
16555705
12257593
11413017
10589975
17936847
10006961
14339543
11179527
14106362
10112125
10292339
16234782
14058570
15340617
17739474
12938020
15649212
12686465
10438718
14424481
12786087
13031314
17692412
10941148
11808629
13873275
16105532
11845041
12179197
16202681
11116536
11231356
11662042
17023900
12512548
13895924
13482358
14648659
10240024
14069783
17425840
13968957
12738018
14348870
15172233
12583460
13780127
10715836
14750501
13180156
12651892
14351107
15348233
17314940
12308650
17439172
17332759
10795741
15390830
13671369
17257963
11505554
12242006
10716243
10515057
17486469
16783126
15554936
16997474
15780637
12424212
14178817
15143368
16133088
12051818
14875811
15698751
10232409
12354459
17066005
16059997
10352599
10009765
10575442
14663695
14272215
12958955
13337480
10099341
16726821
14313627
11590487
11097694
14889708
13068770
11592587
13051107
15542447
14204313
10766163
11152252
10195088
13059060
13214500
16567482
14518705
10771964
16568097
17767843
14647256
17429770
10276941
14460948
11177544
12566519
17206926
13298173
14336975
16984191
13037840
14425178
13251290
16798754
12407172
10041980
14448973
17435369
15358691
12377070
15174260
12574315
10903052
10841083
13298047
12861237
15762874
11677717
17484983
12964328
16289887
13468002
12758082
17054089
13999280
17289328
10244974
15836733
11039949
15351389
13222401
10585678
11813139
14673666
17861001
15028275
15919929
16025662
10390745
16820320
12762662
11326530
10289974
14280810
17211672
10393150
17879211
11880839
15377633
16425086
12110258
10602504
10386314
10500628
12581472
16175335
11256347
11298662
15629694
15017226
16731680
17465574
15608393
11366895
10854889
11616219
12998167
17073139
15965129
13919746
12275977
11622642
14631739
11491358
10676275
13365691
16955787
10233209
13268670
16103687
10940329
11335019
10094869
12780559
15908333
16251098
14254868
12928025
15938961
12572659
16266302
10628840
11267437
11657121
15640492
16200533
11683377
13387524
13535463
15331082
15104428
11723533
13691134
11087614
16302698
16484034
15100774
17221433
12840379
16721364
17464782
17043042
13100368
16585820
13020694
10608405
11288153
13826743
16332179
12233684
15220217
10876064
12649202
14270955
17493410
11220196
12054667
16668002
12416129
17925423
14369573
10044378
13348234
17969220
15618015
11645548
11354506
14432231
16511435
10950452
17544998
11225108
13854431
10401420
16357590
13536011
15515499
14692287
16589700
12448415
17756915
16847082
16814353
10178309
10961691
11844478
17183613
13551701
14766307
13686169
17032757
16401905
17063535
15432213
13242568
13350555
14332364
17829394
16961224
12145718
10206030
15725751
12967953
11992000
14665058
11575648
12263353
15529397
11517720
14298978
17659705
16395414
17324255
16517264
16592952
14791268
10585893
10617197
13651045
13448714
15413725
11874652
12021926
16523877
13287896
12835561
13628667
15555149
17542597
10971882
17147055
16342256
16148146
17347004
11859447
11467486
12987757
15732497
16319779
11413189
11910688
10069278
13398621
13254111
17370887
11129685
16484880
14133203
14616915
14840297
11522617
17611486
16695956
17616434
17419774
17332091
11574902
15394210
15132040
17292397
13383558
15430684
17550114
12534617
16648082
10478439
16114178
15980490
12449645
13960521
13799631
14965303
13761616
15132417
14845530
13430492
14083816
11199545
15396463
17074333
17291927
12244965
17452754
10302874
15553939
13700852
10927626
13085983
17619698
11658579
10049606
17552328
17320847
17953415
11726189
14582237
11776843
12792890
12082789
12728621
17652434
14262948
11371668
10334970
11687410
12603133
11253908
14306128
17286031
11745283
13648025
15863096
13422641
16956907
11659553
11963504
12178190
10331125
12252792
15676184
10233632
13951147
12522583
15614583
15123050
15002120
13217179
13936441
15691963
15604601
10346647
10159441
15591149
17208793
11793120
16709957
12282569
11151970
14797233
10195628
13884780
11606291
17122175
14303674
11532764
17038334
13076255
11629841
10250205
14186701
17872421
17897593
12356599
11795295
12175962
16181445
11748565
12131233
12548788
14971855
12567201
11240945
14456717
16366376
15902430
14431709
13576918
16013347
12299994
13069729
10065317
13997386
11761139
17828360
10630012
11355121
16325378
13680010
17370447
12102719
16721145
13213392
16576438
17017357
11583060
11352435
14057027
14954296
14714081
12419210
14091844
14657632
15115855
15074589
11373106
13765569
12389071
14206947
14571231
13462039
14173090
14742863
10970184
11506510
15028503
17155690
11187375
11575896
16544800
10944776
10032957
15824110
16146540
15571382
17117707
10637149
10487577
16176267
15224277
10623441
17231405
13915426
16199923
15766074
12520285
17148493
10469885
10678424
12408592
14471234
16271335
14934060
17314732
12234204
11551250
11627811
10126195
17165113
12001157
17794362
15270829
17997370
12366201
10161492
13995120
12646008
13984138
10705927
12352907
15358007
13691549
10044163
13798274
16680547
11426180
14246228
13685994
15478660
17830943
15428459
10830500
10704256
14247673
17420875
17576013
12138140
12920689
16971563
11061785
12459841
12416637
14148008
16592371
16336814
12958227
10657475
14577344
14272386
11544201
13736150
15860643
10970107
11894412
14783463
12050847
11119128
14899565
16851856
10821768
17910143
15835821
14804679
16845737
17675982
17124879
10617371
16444818
16876629
15113649
14063013
15929303
16099928
11896659
13900392
12567385
10501431
16441880
17302237
10113825
10989959
12907911
11643074
10621751
14788135
15505096
16407544
10806432
16131783
12752459
15776770
13275363
11571417
11975772
11945703
13879683
14296866
17293063
17592884
16519165
15768485
15492983
17984536
16529745
13085980
11918675
11181661
17196086
13933911
13153176
15837736
10022062
14428155
15391274
15468333
12786470
17579212
14798043
17140327
12233629
16407232
14465858
16892536
14630263
17803547
15570007
13142975
11615447
13205904
12469863
12841855
12178886
12134746
17825840
13638668
14972110
10974221
13923134
16800453
10244025
12985140
13630557
13638972
12814223
15022210
10935700
12780890
11778245
15311970
13916079
13720398
15354256
15705230
10459097
13556696
10690372
14329989
13584049
10125160
11743219
17672074
14585349
14614884
12525891
15958679
16337567
13669610
13572770
13176863
13080902
10745781
13564011
16055351
11158056
13529695
14882891
13246464
17476918
16500301
11370230
16622399
10690823
10003800
15514919
17519117
13699577
15973522
13607164
15872899
17330628
13495625
16841421
10492473
14837786
17380555
17716618
12638680
12869547
10714684
13379740
10203288
11855555
16307967
17655576
10381121
11107201
11204048
14583360
17124663
10098582
17037629
16948411
17819747
17009579
14967843
10418486
12449902
12456957
14980117
15111458
10105770
10460874
14991836
13410001
14322581
17842674
16452854
14576132
17067132
13764318
15046606
15391589
14810087
12440411
13028310
17875563
13265965
16998543
16236901
17791973
16908014
10256562
13560341
13878624
16572706
12495288
16218552
14989096
11380352
10192310
12499948
11931541
10974569
13201653
15088997
14483972
11294462
12521249
13002565
13236017
12707820
16574913
15812417
15123445
10022466
12276033
17465904
15626718
12527799
12820475
17832474
17258458
11112431
16591917
12331917
13352603
16849138
13160053
16480642
12544999
10459252
17603627
10039687
13593243
14097623
11407213
11010537
10378962
17148223
16036874
17032052
10523485
12950458
16768989
14320480
14354233
11971190
14592305
13811623
15156860
13877031
15725982
12365483
11325141
12906866
14993114
17359313
12657048
11483268
13609412
14490188
12224205
14172449
11009844
12709101
13029697
12981129
10125326
15964066
15852546
13945813
11036538
10191586
10587964
17882296
11879134
12160421
13516468
16998834
16809416
12691990
12022153
17860997
11204990
11587765
15349128
17514597
14098945
11729904
13566139
11526036
10360360
11408804
13367644
12162733
16625083
11380155
13425399
10147097
12818940
10516389
14911436
13062750
13341609
11033934
16582163
10504841
16793573
10095386
10903257
11192195
15271221
10143172
17775140
17694877
17000956
16513379
10443372
17732612
17544735
11349952
13703481
16055927
12661054
12149123
10067524
13346440
15518655
14617260
16408788
13528145
11761543
13433820
15096724
12515946
10847202
11413910
14697655
17847435
13530962
17300627
16682100
11203018
11922941
10727640
12565073
12413756
11598282
17364605
14871387
12437993
12923226
11454462
12718669
11182729
10545383
15282920
14914452
15643641
15909863
17713168
13053512
11002324
15448237
15623528
15256829
15048010
15902407
17494002
10750790
16078706
10706057
15766548
16860042
11201109
16911999
10048261
12389917
17338190
13825723
10798275
12420087
14266019
11793659
13039290
10972586
16841032
15037853
11516608
16717811
14584780
11568139
17076432
12350105
13862468
12983394
12419791
13973646
11606541
11522292
10513851
16828721
17069743
10655600
15535314
12664253
10852256
12430763
12033636
17185759
16156111
12408874
15308499
13927229
17406014
11168240
13315256
14093587
16420160
15697650
17071590
11654541
16320666
13416049
10966877
14868191
10188525
12637125
11227224
11145743
10431802
13341640
17095998
13460041
11372041
11609297
11315922
17255306
11079776
14362721
12026841
16305884
12808226
15672925
17436289
16806694
11968221
17287182
14965339
14383523
11363081
13291395
12148594
15414341
16491562
16473166
16493365
10946309
14290664
14112806
15241534
10520471
15766220
13633196
11234693
11383837
10708246
12491444
11586138
15039313
14341101
14021574
13281304
16768177
12738795
13525892
11110804
12874063
10299559
10745246
11663082
17727316
11103828
12040828
15356515
12684531
14771455
12180178
10869791
12453825
15562313
14343821
17868329
10895863
17160179
13505043
12637923
13308086
16607579
16853245
17455026
10927445
10662184
15718415
14756140
12742663
16121065
12775901
13517208
12195712
12311128
16670431
17867049
17108729
12057374
16469130
14465165
14795431
10242447
13678304
13729397
17419348
12296002
15612561
15574734
12710054
17867524
13221391
15193195
15354191
15035542
10222337
16400666
12823570
13726572
14190238
14750976
15673764
12234580
16654116
15238752
13133802
15454556
13390462
11256974
14470361
13167455
13510189
17708685
13898585
10902120
11560775
12138231
17168030
11322184
16561253
14740263
11700668
12200768
14405093
10416444
13834088
17772600
15789603
11526030
12230693
12253068
10000431
17793745
12014570
15498283
17935040
16909614
14479219
14309454
11199426
15712291
12234900
15702853
13473944
17609467
12320910
15449130
13474162
13676581
15857242
12487570
12154170
10994560
16161277
10319261
15873310
15907969
14477938
15409949
12068340
13297528
13502507
14144062
15280038
10333301
15331998
12209220
17273563
14818795
16704197
11625969
14552853
12162387
15252503
13126154
16212067
13641345
11127343
11941794
13180928
10505075
10917438
16195356
16059342
13068401
12193200
15292062
16263910
11238911
13929731
13757935
17681905
17171933
17645905
14458854
11688125
16097300
17005599
14172492
10824257
12866313
11845818
10932825
17371583
13547983
12388472
16325238
16396079
11076937
13614592
16438978
12712495
10814637
16037948
15616015
15772619
12711701
13125855
16232351
11849296
10629590
16810617
14814379
14201057
11755638
11682816
13570353
12681388
14347488
12292739
12904592
16468512
15350951
17601399
12081419
15785230
16288936
11382478
17197382
13141173
15009875
11531142
13022344
15643919
12153408
17457524
12092210
13987854
11091124
17116255
16295759
13985667
15733308
10031309
11845782
11022674
14665771
14027704
15195587
16613376
12186738
12278906
14036416
11476451
14674106
15776993
11036248
15225873
15680694
15552917
12537920
14906005
13700174
11556558
11207394
15729514
12191219
15129094
17589059
10349615
13159125
16897114
14476611
16833746
17823968
17185333
15623145
14195042
10824293
10290303
16239080
14454435
15840931
16448551
14335157
14542836
12387743
12054194
14151016
10311743
16996004
16616729
15351467
13762837
15646913
17915814
13537286
16975149
15052948
15827585
12902056
15548945
14195664
15354569
12600975
14219070
13945070
10928668
14036723
15117748
16894092
14667949
15317080
14400917
11679944
14328323
13499547
13017090
15420156
10855741
12565619
12066846
14239103
10503996
10348406
15262047
10929454
10914854
15180635
14152594
17325836
15106563
14712992
14258254
15939955
13099941
12000550
17925140
11906629
17679710
15846745
12451146
11742609
15701434
13804650
10728121
17480656
12473404
11724216
13653670
17789556
16247486
15300622
14845347
17925464
17444882
14960657
11901647
12832911
17382611
15302516
16942174
14612345
10964619
10478494
17665120
16199503
13104434
15798030
17496491
10590842
13412483
13079744
10461314
17502727
11911746
14339779
16215275
11011476
14040449
11096746
17866668
11199923
15893190
16898513
11503192
14519985
15473522
11476895
16212441
14607340
10773528
16408253
12124717
14910380
11040790
14372874
17843557
10492663
10082144
10527006
15850599
16599513
10326802
10825456
17609542
12248987
10490761
14164339
12402605
16802999
17118090
14557891
16653960
10354702
16839937
13253699
15424030
15373461
13117439
10817857
10658361
14407352
12544036
13135184
14357246
11295147
13227838
12137674
11783024
12196729
15471517
12598808
12187751
15106832
15776830
17483829
10431613
14520165
14541472
11628051
13589058
16357931
13761505
17227512
10902317
13609130
13147996
11757748
10882352
14205329
17305141
17175159
17979111
11646167
17615739
12215823
14433838
16764183
15006336
15324501
10335498
10062901
12276903
15423828
11722932
16746663
14935530
14914414
15249024
16394956
13059255
14507850
13443630
13062260
11586189
10905760
12516643
13295068
12194539
15364071
10458280
13887619
17169751
17640607
13754464
17509522
10690459
17643599
16427405
17792651
15856215
15170292
13936186
14846048
15081856
15401329
16027237
14597316
11312354
12817927
14250004
14756753
16742671
16922373
12465677
14330948
13088301
13471403
15106000
10225709
10346392
10593246
15733067
12657747
12439673
17794375
13284492
13947563
12449878
10636076
13855814
15117574
14229895
14800387
10110207
17574057
17072159
13105314
17040327
10788158
10924250
12661664
11593478
12050074
14934596
16347552
17562227
16441478
12264035
17720801
17161557
12615105
12351138
11007437
10829597
17612595
12996590
17554375
15979014
11377655
15756273
17715209
16028879
13095333
10059486
14556454
12102519
11834357
17140689
16946513
11276455
15796150
17389456
10528663
14674435
14181521
11684440
14740095
10346732
11935465
12892886
11120811
15935312
10509871
13857192
12787212
14156856
11384120
12850238
10418081
11627680
10300730
13970834
15594643
15134700
17310043
17707123
14567524
14941334
12758430
14828933
13986217
11597722
11587746
14069048
12850777
14061255
15510219
14159676
15215766
13033821
17666956
15661338
17554881
17269124
11294407
17899543
17365385
17758505
12041494
11746106
13751183
12620321
17725891
10675371
15284317
17560490
12696195
17420242
10906844
11360655
14956195
15760987
12148267
11885262
14608582
15611264
14728233
14564669
16262603
10887578
16226113
11797605
14504634
17929158
10835658
12791967
16018843
13970160
14710018
14313714
11351101
16648963
13755749
11867886
14320407
16838485
15773662
14023842
16608359
13529799
10964290
15530341
17900770
11963195
14723482
16234849
11616137
11448408
12906413
17435095
11572378
11642745
14847861
12336076
10280965
15945334
14954854
13860563
12135709
15557937
16963139
16104269
11276847
16441206
12729250
11353371
12510389
17225656
16013193
12274138
12049422
14304508
12858141
17480873
14866146
12308731
13677719
15991517
12485280
10151964
11670000
13264232
16050812
11200021
11716887
10368237
15546656
14919533
13578699
11809579
11660220
17282971
15897246
15598508
15397468
16653640
12365117
15280031
16823166
16030979
16867425
12546912
13847644
16960941
14373157
11132999
12110421
11215303
12332743
11284803
17468897
13383851
13323676
10978345
12117247
14602531
13126854
12687649
13597639
13633536
15958460
10040043
16958658
12174364
16170157
13291203
16530041
13515480
13475692
14650056
12832185
13259080
16020156
16917040
13420326
14561947
12113003
14406647
12894719
13448085
10307744
17779436
11705843
13111055
13764085
12398650
17406560
11166220
12502279
11464362
14826842
15433643
13085570
11952624
12539250
16385768
14769035
14073260
16327460
16964992
13531146
13622967
12904798
13689911
15953199
12972592
11257322
13594801
15407656
13610601
17123717
14234572
12661702
16273512
16143740
10058367
14193698
17810661
16527949
16423410
11238723
15574547
12281997
14417502
15914273
13798759
11465018
16494969
12205495
16224696
11296791
16418169
17596841
13532722
13762021
13976367
14980509
16548999
13323910
10080646
15616259
14169279
13309640
16604087
11463826
14598621
16998194
17958269
10112820
14138272
17219913
17280224
10700947
15831025
14459449
12002073
15903537
10543779
13089043
17705766
11491784
16951700
11429226
10405806
12894381
17670270
15464519
12810504
13873735
10681366
11663815
16985977
10414956
12789784
16649414
13910532
10445513
10909517
10907112
17429796
10493834
10058840
11729083
17014946
13034092
15024864
17561765
10771366
13276436
10726517
13338598
17632998
11777791
13473044
11084098
16416038
14249218
12843214
11164271
16098867
15686044
12517199
11444131
16703601
14233356
14639815
14762710
13431705
16731868
10573070
11947466
15017489
13594104
10209866
15339040
16177204
11308314
14962023
14095598
12134652
13437314
10163515
17919250
14751067
14325462
14741912
16259686
12944699
17417241
13228150
16458079
12773531
11179634
15487862
14555332
10667774
15126255
14699920
17576791
13610547
11491307
16790198
14891368
17124444
16383996
14992007
14431906
12667249
13201280
13183649
10661241
14778473
16139347
15844415
11574584
16429079
15144757
16412663
11164587
15324222
17855090
16738316
10247544
17898328
10085664
13268367
12212526
15990876
17777593
10557398
17904681
13608490
12372306
11934773
12436990
14902494
16557353
14871495
11750426
14280850
13060405
10024002
12859145
12695358
12489150
16038758
13526940
14713831
17651945
16989690
14607791
13750322
11331168
11912040
15485702
12847057
11465098
14466655
15637604
14361360
10074569
16702780
11141300
11149125
15320332
15732537
12332495
13544090
14112118
14950537
15916930
10131089
12053074
13103592
17352467
10229128
10878073
17579980
11318338
11681540
10270278
15270956
13377029
13509538
14676309
15632929
15411734
12088675
16160918
14828921
14867639
11918291
12700643
17519276
10472038
13670191
10867690
11087013
16420212
13964979
10754602
17611765
15381602
10790750
11588332
15157721
12458968
16564540
17670693
16030248
10617560
17089560
10178830
17745337
14731304
17643737
11577933
13558633
16930421
14128756
17777454
11340821
17063157
11549237
16051775
15446821
15064289
13859194
17024285
12327894
15070622
17945939
17163170
15326584
12405279
15427374
11739897
11178889
10307970
11670052
12467235
15598919
13339901
12734897
11853942
14616636
10041609
11179128
13671218
14728162
11623009
10613202
17442040
16336652
11824934
12921414
16397196
16612093
12201623
12775506
13342714
15311047
11960266
11808451
16214107
15717068
17474857
13777954
13995741
17285759
14063057
15211772
12508456
15404752
16953857
16634942
15984716
16655311
14940519
17331451
14036378
17194733
11057854
14258883
12489971
14973689
12910706
10754851
15246319
13820060
11860187
15094517
17088867
11436752
15852801
10630307
14133918
12927292
15107980
16193468
16933629
13756076
13161109
14224877
10309276
15223695
13338334
15081449
12618186
13778639
11322099
17751888
13627867
13322220
10771572
11865854
12382363
12130057
14350506
12583302
12460316
12858223
10135649
14005508
13228179
16221176
11280034
14985908
13538682
12038493
12489119
13722146
15407929
14095961
13580085
17050312
12792373
16371466
13254101
11420001
11809955
16203029
15438235
17205087
16802158
15359531
17287091
10058131
12124685
14013291
12388466
16836932
11595556
16382595
12333921
15441608
11030292
17944015
14308488
11910236
17811462
15936002
17980041
16151852
10697551
13029823
17937371
16271608
10401801
10272904
12449932
16776165
12628996
17740885
16285508
10075285
12077116
13214683
16938811
13645555
13477024
17163926
13731940
11484762
10851458
16996417
16558450
13984295
17721742
14467959
15030936
14508378
14357838
11315603
15605530
12825068
12163868
12231819
16884564
14988022
14807093
13094437
12564075
13836564
13346491
11407373
14114297
11751431
13386753
12078476
17198659
10474449
14847300
12290499
13229582
15812555
17026616
11237090
13735755
17248515
15406850
16608560
16082801
13581089
14804311
17101562
16047764
15620482
12647528
12958103
13642305
16589219
17556050
14334899
15624608
15129809
13092889
17002732
15590201
16054209
16991073
15212300
15891672
16186132
17035298
16702291
14679154
10522610
15344657
13793672
13929494
13343350
17186933
16441737
14384461
16577189
14847585
11724927
15134274
17790363
15566879
12770304
10839776
10686177
16704511
10931805
12704798
11123821
15985519
11467868
12806414
17249172
15855584
16468904
11731530
11428461
10031840
12290686
15099372
14437109
12141456
13681050
14742103
14490297
11095562
13347672
15644507
13634322
15536543
14639753
14405989
16365281
13259057
12116053
12438840
16345473
10248625
12213672
17767139
15419717
12212305
10128554
10548592
14395464
12056096
14894266
11351301
16257788
12882747
11302764
17031446
16435233
13433029
12390677
17472467
12667037
15442609
12478120
14162539
16302735
17329125
16594780
10096311
11433793
13602639
14523527
10779612
10353284
13925809
10914251
12768743
10960214
14245704
17383251
12179746
14044646
11466533
15308537
13939160
13500140
16856641
14196253
17669145
16597991
13017639
15434815
13337952
17423181
13611142
14969178
14770680
17801510
11948764
10513543
17094008
17038554
16452856
16791200
10916506
14067568
14926750
14252305
15631538
15835058
10140664
13838294
16734594
12381594
17150950
12806412
17778653
13364070
13269767
17768169
12917235
16917678
12905510
13882146
15344671
15739375
17899245
12194958
16280654
17942814
14554111
17752748
11485621
12167075
12782041
10071771
13265910
10419775
13538712
17641733
12086944
12181842
13320443
15333636
12521100
11013244
11389836
11392914
13863466
14829006
17989389
10165676
15455933
10698883
15620005
11635707
11435625
12627880
12466234
16639182
10984080
11525883
17338223
10350682
16809496
16987890
12459552
11045027
13794378
10242062
10064923
10491608
14331892
17974537
11806191
10188365
15896290
15476117
12666004
13312945
14608836
16394227
12175405
14120862
11260072
14854573
13765855
12018926
13402445
15465496
16344247
16444338
14822295
15430992
17259779
16443000
15322767
17261059
16718531
11938261
12776135
14879933
14266921
17277012
13590671
15567499
12231041
10937037
17544615
16973537
12894088
14482599
14234220
11042593
12745946
13017403
11472906
11413414
10010082
14531865
13810981
11023865
17185440
14903327
13104812
12621732
10481173
12350151
12803641
17743560
12884411
13743411
13234696
13313723
11630806
12496662
13999993
12754540
13702231
17603364
12480662
15015969
12766074
12654540
14510240
17126014
11471925
12647197
13640476
15004122
17749621
17604546
16252685
11165867
15945799
12847113
13120607
17667278
17394032
10685025
15217926
17487042
10578246
17430310
17685568
16625111
17182860
12939592
16693471
10917201
11305895
12175580
14466139
12904879
13208164
11620318
15063900
13521665
16063875
12159092
15182504
15904686
11251392
15765847
11416631
13400225
11419287
17375875
15613991
10856447
16333573
11740854
14251791
14301212
15933638
13957047
14156939
10007167
11289336
17116750
12908466
17913181
13966286
16901744
13405088
14858986
11916101
10512529
13322982
17854021
17667527
10824532
16559334
13576757
14648931
15786724
16725287
13488647
10732945
10952974
17034718
14158090
12931194
13016460
15520687
12082797
10060096
14366148
15366422
16634782
10086537
14978241
14798964
14413782
11844194
14857380
15249735
17795214
17034945
17383771
11616913
11773466
10123875
17063981
17166425
13619087
12164110
17323004
16504168
10284180
11742315
15499875
17485524
12388932
12636335
13177796
12042932
17835322
15963000
13143602
10992945
15042076
10856158
11861339
17744949
11058090
11225317
16114003
10642015
14514985
12031420
14063872
12517807
10277192
10040292
12800412
12251327
12639272
11404842
14109612
10797255
11164980
11143847
14124635
16848036
12996422
11122621
17170907
10804006
10578717
11359045
17739585
16676540
11912765
10920093
13185059
10250702
10035301
12047917
12820016
16814886
14980188
12668020
14707790
13424172
16290995
12577467
12449174
10412977
15420788
16573457
16618239
13917027
10529185
14334692
14556787
12880212
12972556
11099327
11636961
15073099
14489662
14121255
11054744
10699885
17608223
13747997
14186301
10677841
17503398
11009057
11352074
14887718
17464577
12567972
10286851
13105358
10775137
14063724
12947448
13601813
14298035
11551157
10376415
13198594
17205963
16986082
10421275
11522407
12160000
17626775
15831583
14343286
11204667
15553985
17652397
12252382
17001450
14586201
17389784
17640836
11526168
14936358
15957514
11736384
12123010
16851257
16182987
17261924
15487342
11429453
12043923
14953602
17801815
17798053
17373345
17092607
10588628
17859321
17168454
12432187
15341608
10889274
10978630
17414069
12637688
10258869
15064857
15179242
12086649
16343548
13463952
13687425
16646881
16486588
11490823
16752330
10899452
12390905
10144175
17645994
17121878
14481817
10460862
13305129
17218554
14062070
11817063
17122771
17990795
17465258
17875412
12643333
13882669
15667314
11920380
16488875
10427733
15772448
15272122
13603907
12208490
16835711
10642686
14537688
16768826
10030708
17576132
16283505
10540621
14966659
12381436
16827683
16852726
11142267
14712263
16098294
16236445
10744346
12108072
10621110
15286212
16673599
14873694
12166767
16999441
17252690
15446681
17947004
14844226
13688677
14547084
16516703
17139955
10342443
12922007
15344353
14629336
14015726
15832782
13127376
12108187
15078797
16144053
10077565
17218023
13185509
10555523
14770573
12809297
11901320
10509626
11416173
17367028
14310968
10528657
14313646
14633962
11056220
15248184
14827044
14866069
10926056
10768928
11621718
15603560
14035924
15421814
17613156
16919775
10944363
15910677
15090944
15987419
13875237
13307050
11802125
13827653
16179702
14561810
14724203
11469760
10375821
10307037
10163068
16108071
10475778
13292987
15210097
15453165
10165282
11075314
15080897
14618052
14366703
12202571
13315013
17356843
11206639
13657572
15333262
10289403
14940084
10211183
15320906
12552365
11282782
12616459
14908055
14798730
17814077
17755665
11836970
13247727
14782853
14455652
14219281
16498184
16031298
12298676
10326827
13838357
15574100
13281457
14898618
13297907
17456111
16948285
10234597
10508672
11987542
11374559
15917695
10151141
12323956
14288218
17182226
12643992
16536218
17650030
13160959
15550925
13650225
13440708
14406024
14219590
15109711
13791758
16767574
16960433
15787812
15825028
13384524
12867558
14915446
10952447
12035021
11013680
17739053
14065647
11211601
12929715
16262675
14546187
11169807
13482472
13153563
16658047
11673317
11650461
13431656
16802719
12570966
16292695
14549960
15553463
17193840
10459662
16585450
11325648
17514218
16295107
16169135
13028231
15588889
17294835
10018892
12823765
12687915
14837322
11812312
17356582
11137766
10165766
13111689
17434991
10097827
13641764
16893684
10304275
12026374
15927644
16814328
15818729
12645988
12875155
15864190
13499795
17978647
12487829
11780001
16677257
15915112
10204769
12173457
15358277
11052285
15608632
11844389
11391337
13188298
12786413
15591835
11999722
14776947
17522745
10019509
17450426
17868572
11545083
16219082
17873916
16551157
16989032
13720833
15430013
10698399
17620597
13097480
14411833
12132074
15461806
17475072
17746287
13305484
11418541
15951736
15593303
16511222
14868040
11977330
14540304
15219312
14512481
16895496
14624047
12008829
11229985
15715762
15968316
13601647
14675689
12515805
12575776
10089748
11272727
10092127
16559010
15065128
17292618
17903279
17809721
11581830
14149374
12510485
15253134
16596137
12242710
14669902
17382067
16331965
17289087
10829949
11421613
13891623
11735614
10726547
17844203
12572955
17649011
14877068
15073803
13412337
16734997
15535038
14702039
11152867
12317419
15476643
14110633
16584119
16406897
11935908
11829222
15180263
12463976
16318997
15020733
11075458
12133327
13975238
10123552
14843269
10793200
13295655
15969596
15024126
11176636
13953247
17819852
13311063
11924993
13662112
15095829
17115935
14353133
10357488
12051694
16532924
15706493
13150477
14274265
10524564
10706489
13428837
15074899
13152673
16799493
10190506
12442650
15857067
10691043
12880257
11662975
13230246
10549793
17172002
17931379
14512878
12209939
10065846
16061985
15027673
10329922
15466612
17718386
17406090
11982564
16204922
16487041
12925822
12465509
11383748
17776428
17228696
10898977
13930096
14635878
14267859
12808342
17606268
12914008
15956820
12066465
16828825
16041095
17048044
10002726
17782688
13532501
16544608
12753067
15553391
12584080
17441773
15003283
12099493
17390672
12294092
17942744
13607821
14325214
15831592
16079556
13907937
15922853
14423357
11880385
14436228
10945342
16544701
10696275
10145685
11359084
16372562
15991738
13406473
12593689
16290832
17675622
11713704
14551125
12532807
16648825
10362815
14449489
16760742
17690544
12722487
15286466
13646858
12977869
11645450
15278120
14825208
11123483
13414905
15017568
14908849
12876021
13361476
15135173
12915053
12634029
10355588
13545541
11067841
10842207
17818632
17541864
15119420
15752729
15811711
14471430
13595324
11823788
16949623
15165463
12668671
16871559
13752310
12213281
15733186
14977337
12692863
15486334
16875838
13125824
13930979
12838934
13317930
14302923
16025942
15275576
15264971
17795280
12533817
15360478
11880048
12444692
13557079
12926999
11617901
14292935
17164907
16696945
12958390
13999124
15064696
10182477
16617887
11387830
12711213
17340951
17640257
14220308
14166933
11264452
14076373
12656078
15514813
12469547
14314158
15916064
11349816
17333184
11262713
15482804
12886242
16334712
13900505
15782229
16684311
14191840
11143100
17284106
12427195
13030767
16787105
12982666
14905180
13544335
16014214
14397084
12847565
14123755
11605361
16181580
11541323
17149652
14672956
17229534
14896176
12246575
15889123
16955256
12220272
17353561
10514585
13814693
12241905
11135226
17729864
11330841
15321385
17533327
15665987
15632596
16475087
14302833
14282729
12786227
14134448
16469984
10344676
11016392
11123634
10754798
14195567
15449608
11221866
17225500
12652751
16372378
12817609
10748187
11144998
17704291
10485789
13962322
15303445
16044712
14735672
14983003
10562793
16747245
13686245
14520306
10942701
12506891
13020056
14467318
17872075
16722996
13944924
15013337
14455827
17141194
15901963
15783150
13053275
12643131
11848878
12497682
15977988
12331034
17457919
14140146
12231306
12487697
10758503
14025760
14704933
12157519
17563283
11812539
10413462
15701659
11724137
13840965
14629318
12610401
16800484
13741639
15819495
14400719
14319149
10250706
16072734
15523423
15761681
12145609
11906114
15673047
15073312
17954108
14787730
15122519
13409975
14235670
13097853
14803404
12527924
13429527
10719153
16678747
10316574
15608958
17207740
15675594
10893967
14530082
14955680
14854410
14466107
16967106
11675380
13589263
15097412
14612211
11194756
10783685
16087628
15072406
12973689
15225062
12421506
14780418
12838715
15170998
12030181
14294255
16053125
17954951
12223910
14666048
17638862
16669239
12026243
16494181
10324668
16038172
15021143
14260253
17394582
15104487
17485246
11626576
16885474
14854950
16032783
16095925
13987287
15046303
14730216
10823707
11991664
11436151
16671315
12179717
12085745
11075475
16722643
17041956
15009339
17742032
16648137
17684934
12075880
15064263
10917714
15157171
10518074
12175487
13114710
15037950
11988861
15445254
14816229
12113048
10423861
12204683
16095981
17835540
15670403
14270723
16466714
16726420
11199743
16039368
14498130
16297184
11155784
13057274
11215038
16513605
17327004
10234644
13860616
12217070
10990757
10146972
13520793
14903615
17843911
16348331
14140254
14886411
13440741
13527031
11192944
10925956
10460832
10847543
15463860
14250605
11007689
17870400
14959425
17988407
16362885
16089261
16093912
15892091
16388814
11804570
15003819
10339641
11175552
10936797
12412500
17037215
12319430
14673776
12554201
11640963
11186883
13322604
16801653
13593284
13633661
10471934
15680207
16925787
13441043
10054059
12885828
10511295
16669280
13843479
10658480
12939893
16706790
15281096
12874396
10020321
16195008
16653679
16368049
12182187
12328802
10309948
15521078
13460138
10685685
12039574
11326658
15614540
11544549
17592198
10012182
11303152
12835343
13423144
16697326
14118392
10495480
11097274
14638750
17328863
12832729
13216811
17374943
16297166
12337870
13768658
13183992
14274927
17280655
11854708
10449698
12143946
12501155
14547754
11551965
11809004
14408912
15702025
15878799
12799052
12795964
11058478
17483707
11232424
13066344
13877775
12636583
16101497
15699129
11663931
10486651
10029649
15660116
16598470
15038612
13006141
15383905
12279517
10789531
14537562
13457383
14837822
17500910
11389876
12421779
10145684
11207962
16203740
15466405
13986432
10295898
15528237
17159631
11383931
15445245
16891650
10568229
17900183
12474811
13330447
16581591
10794906
17234466
12930724
16611124
12873013
15035270
11940720
14403148
15047239
10827320
13935855
12222989
14452616
13119075
13647396
17763482
16553961
11001637
14843869
17259994
10830040
10368138
16049297
13975541
17248079
13297752
13308773
15792418
15406410
15200254
13009668
14113686
12498955
17519548
10184431
13685456
12672559
10901194
17596170
14874790
10771547
12289105
16853520
16397631
13602889
12552776
17596434
15435902
14118594
13976208
15362491
11761251
11288095
13482546
10840355
12529906
14153656
11815984
11973743
11788709
16813423
15712205
11624758
14076262
12342213
16157827
12618595
11967854
11021538
17480223
12092366
16546388
10705203
13026925
10170546
14212695
12813408
16609290
15159109
15755154
14872801
15552239
11087609
10923013
15675293
12661568
15898440
15749942
10132478
17343623
16464314
17378494
10528359
12703639
13692034
14578287
13503160
13803344
12666627
12421196
10766108
13359184
15295023
11650991
17230244
14289466
14670938
10529296
17786550
11683126
13042838
13661200
12040434
15864104
14984033
16180277
11663939
17102174
15209290
15879332
16443872
16172806
12793322
16487781
11663168
16400513
14992472
16171159
15859253
16809886
13371359
16615579
14866830
16217729
17355509
10849180
16116854
13965203
17351179
13115000
11881760
11140246
12307164
15266048
13034656
14710870
10898069
16187676
14904324
10064676
16899344
17396895
17351222
14390899
13661376
11129129
12027151
14933074
15377972
14799930
13679563
15267410
13624731
11872809
15453959
17033794
15737822
13069845
11586748
10232739
10126493
13465567
17789086
12594942
15500023
17862079
16372904
14804776
12427487
16876532
15839568
17707285
17856925
14677862
16620566
12690293
13735401
11264934
14757308
10977060
16011370
14743043
11710504
16289360
15638621
11064130
15762274
12436730
11307310
12732751
13275055
16471454
10303968
15722622
10693448
12119787
12217916
13277841
11016808
17411533
15805892
16704588
12762691
14712216
10122748
13624007
14123348
10099862
14108565
10974092
11746931
12677526
12944050
10550205
11165868
10432203
16822169
12596165
16003542
12826887
11376956
17315652
16233033
14867752
10447912
16513282
15561609
10439151
11289632
15550977
17354007
15665105
17190000
12215292
13910595
12860418
11106433
14046134
10155911
13974079
15803327
11090063
12151110
16541083
15949412
10357009
15396428
12824284
16420771
10355743
15348250
15955218
11008536
12427743
10615308
11847013
15224821
17813806
12854719
12190839
15680145
11096187
11730663
12158616
17070091
15213813
11412103
10941427
11091923
17732876
15707149
11650258
15925345
12808966
10941569
17921431
14802695
10219658
15901211
11278422
11462446
16194262
16407955
11913106
14187140
14715651
16069448
17849383
15075273
12406505
14297178
11394781
10094029
14353636
10077390
11731460
17380485
15849574
16338907
14379451
16399265
16849151
14080602
17241671
13111928
15127448
10649542
10725001
13925699
17853783
12017682
14257582
12699774
15246243
15196291
14506460
13965703
17858565
11826222
14676954
10983368
17350991
15097208
14679300
13602031
10281638
16206712
13776974
12131993
13377232
12371409
14524107
12921707
14025901
10036414
13845739
17570255
17404153
13858173
13470908
15595341
16220837
12303464
17813912
16788913
15445104
16711724
13650393
13844790
14402133
15479471
11691468
10703472
12744213
11244116
17520624
16620469
15920001
15234470
11275495
12949524
14395425
16062817
17971437
13975583
15569058
10848954
17938092
16329489
11710857
11170997
13046884
15518248
16758763
13706290
15714572
10273879
11265996
13818428
15535359
12332639
11267565
11082075
10134937
17596231
13842788
11481371
14277739
13307030
10070076
12782437
14263767
11257408
15824950
16549449
12055099
11529384
13062619
11251843
10009303
14613004
13371727
17414666
10480578
17535110
10546430
15714786
16651885
13900251
12271046
14988582
10125991
16313046
17239824
15949071
16398119
10849957
17405390
14201647
17451016
13267153
13547209
15782842
17325927
12655147
12678635
11322406
16236426
10477968
12543964
10223394
17840945
16804373
11388433
11945428
17977263
17022510
12463446
10526830
14687392
11300257
10665668
17805509
14203532
13647243
13408369
16641698
14667128
11505127
16662998
17178594
12807338
12794718
11172329
16540149
14831112
13949454
12154182
16584361
12166765
17085542
14076043
13672862
11855834
16283540
12097399
11165684
15267293
10613056
12018302
10010978
17522927
10558679
13972924
17530231
16585189
11113379
13117592
15315050
13876519
14275824
16100935
10472868
11212161
17806789
15107185
10693376
16867400
14446216
17849474
13003353
10917248
16519695
16133296
16228442
13583025
12001982
10406321
10412122
14761971
14817458
17105247
14469824
14129712
12577568
16699160
15738434
12357722
10672694
13374359
14347014
14450309
16502898
13563190
11532802
13436991
17267725
11814941
12854100
16780242
15245148
16975760
17421537
15206829
13749256
16682805
11493685
16005731
17399595
10976473
16029697
14977770
16230587
13116191
12125665
17549990
11347174
15617844
17421390
11972900
15102085
14996175
11261840
14058463
14162033
10372305
13986758
11392261
11690084
16375954
16396685
10840432
12170988
13620167
12405653
14127466
16105864
16591988
16321435
14899302
12109679
15520142
10251030
13298746
15066484
16136323
11243951
10965141
16399040
17402515
13815759
14337207
17367343
17237990
10953406
15337356
11277758
10976948
17959427
16875943
12057089
11586148
14549896
13144079
11094042
17951472
14544761
13256977
16274054
10805509
12265775
11627326
15415532
17095699
15439771
12210920
16747788
15870110
17766897
15944583
17976169
12858109
15826012
12476829
10804429
12730021
17664392
12591872
14546359
17351325
13975483
12561518
15855589
11056297
15401611
16851584
13787115
11341308
14391301
16469404
17373858
11224081
11504295
15411766
16149424
12193508
15798727
14687796
14089312
10576635
16425032
12345955
15740489
13736192
14428466
15159296
15470585
10961741
17771509
17866329
16429355
14448936
14870645
17188230
14897097
12003567
13868442
13013102
14190032
15297434
11877453
17786572
10144583
17564508
14424822
13055855
16420029
14546951
12486169
17172995
11547958
12382858
15223375
11325644
12466641
12416613
11108958
16816208
11394013
10045848
14616351
11234847
14469861
15643985
13951266
12067797
10057459
16795013
14233473
14851923
14945321
13770152
16440416
12729095
17035280
17050145
10383061
12804042
16214453
11334020
16749133
10912774
16952669
12719026
11663315
11576782
12463841
12326808
17323836
15020485
12282166
11289383
13257388
11190358
11978863
14566106
16645630
14668570
16065342
12023030
11199244
12719690
15700490
10410934
17165183
14121229
17633992
13140044
15858026
13677695
10654549
10373198
16626872
10552923
17886150
17401861
10524771
17991985
12689807
11895685
16509021
13286969
16581939
13966243
14899448
14166643
17134970
14996937
14972176
15375337
10238170
13063977
10822398
15514153
10529449
15031933
10109828
14290425
16880842
12814586
11647451
17780438
12761045
17839637
13987845
10380405
14170327
14695600
11182867
10433000
15666687
11230253
13458053
12986513
16369420
13809312
15602709
17859985
15499896
15551456
10566844
10358211
10814140
11055249
10609479
13287137
16380481
15250686
16770300
15255526
15874773
12430883
11845466
17035458
14952830
14178378
13822737
17497448
13680736
15490321
17997017
10918440
10906471
10905983
15937680
13548357
13708041
14335809
16774268
11156767
14744176
11307919
10429002
12284113
11425717
11262706
13030152
11426955
17408396
14291140
11432405
14697515
12878800
10253945
12550988
11842590
11725797
15190509
14370935
16113892
12508176
13892568
14890592
14572393
15236794
16049075
13701614
13246245
11876755
10534149
12133671
13174522
17802165
13911738
12632240
13230734
14548259
17286671
13779333
10347764
17393886
17976642
15977271
15412380
15751952
10061257
17436089
11263882
14977409
10336919
14922988
15923902
16765056
14880269
14178598
17174895
15912441
17934083
13146056
15650249
10112771
16116372
13279879
14072588
17871461
17845366
14782058
13315121
10155393
10112934
11233741
10584362
13149270
10992536
13931452
15689849
14470775
17019323
11096167
11685473
16458749
10725041
15330810
12688120
11520897
11159442
17041920
10992223
16088836
15127098
10690050
13201393
11762105
13607407
10359386
10673218
15936859
10435746
11198797
11691006
16036971
11006981
17289241
13647083
17144918
10920472
12707873
16941778
15698900
14514258
15830936
11864975
11906087
13411665
16037922
13819835
10865341
11027159
11207421
15202538
17604857
13078883
17729869
17320500
17253848
14362692
11263667
15589086
11914268
10635054
11764986
10081176
17890880
11604129
11265714
16319628
11589838
11427814
13885586
14703228
12156215
11723649
17642603
10914333
16654308
14317290
14315990
17879686
13187553
13278232
15115213
15775285
10775360
10419964
15556018
12471899
17710144
11705226
17250126
16036943
13551503
15380838
14685248
13597725
11094649
11931386
11717076
12350043
17474676
11214735
12628521
16386113
13506004
13580816
10889205
12719003
10169131
13394660
14126056
11056235
11286765
17599028
14806092
12792105
16948540
12099299
10808043
14459692
10489514
12509622
13561621
11031954
14755509
13107371
14606811
10881164
17887710
14934279
16506654
10627463
14626156
14302350
16008575
10236120
11580238
11107607
17879009
16702418
15862539
14431323
14787973
17299031
13086135
10161442
17731539
11706636
13503026
14981083
17969529
13969233
15855864
17541685
10023360
11232993
13981723
10198701
10770023
17754898
15727338
14462414
16546154
15068054
16343692
17812688
13123865
13687843
15530822
17326799
10284891
14044982
15651431
17127940
13795077
16314207
12104713
17915688
15069513
15259645
12213918
12026697
14503974
14549238
17272527
12184627
15494965
14275857
13211986
11741156
11589542
13898099
11473254
16485414
14161122
11189376
11713375
12617065
16847635
17141154
11923885
16106274
12985103
12664434
12381535
15140154
17583761
13071040
17327543
11628462
17014544
17853843
13139913
14885615
12689972
14626456
11001258
14902075
16070001
14045452
11851879
12594513
12588373
12783319
10308015
11006843
15145478
15818964
11238672
11513767
13370717
13843283
17588425
12676194
15202440
17059478
11411960
11354927
13991688
15198814
14488062
15751866
16917631
15225673
15423891
11582242
